1151522652
1151541510
1220186832
1269652525
1304408250
143818630
1602399896
177423296
178190090
180569841
188580688
1971942349
2154585523
2162014190
217298132
2197826174
2205262976
2231415224
2280127393
2296419164
234660951
2355029852
2425000081
2438607794
2443318950
2583192955
2602894212
2668303166
268183575
270765230
2713759380
2757083078
2794085714
2809314882
2842132848
2842629133
2849393460
2892140430
2904130633
2913314654
2923299931
2959796316
2990469284
2998854439
3014513796
3038611392
3119122020
3139076192
3143317194
3160234572
3162069680
3166609946
3187323757
3221562078
3246025417
3251448704
3273686383
3536851526
3620387058
362973346
363467027
3811142233
3860661732
406670272
413632544
453978920
506818836
521110742
544838312
548049398
588966843
596117580
604497669
625140956
749608266
948870834
3713356512
3627856513
1356952014
3713718859
3400884498
159393547
